Microns Throughput
2.298648794999999 0.0
2.2998497609999995 0.0
2.301050727 1.3272823295564976e-06
2.302251693 1.5016760994628992e-06
2.303452659 1.6886707449534863e-06
2.304653625 1.8960673892396293e-06
2.3058545909999997 2.135670582577677e-06
2.307055557 2.5933974945262383e-06
2.308256523 2.893805431890436e-06
2.309457488 3.2807385676959096e-06
2.310658454 3.7078454503268237e-06
2.3118594199999998 4.194390752452301e-06
2.313060386 5.2168864155417575e-06
2.314261352 5.922423347005723e-06
2.315462318 6.782520317968787e-06
2.316663284 7.82202727218265e-06
2.31786425 8.972046422655553e-06
2.319065216 1.1364759954686596e-05
2.3202661819999997 1.2930847124976857e-05
2.321467148 1.4848713713276544e-05
2.322668114 1.7046031821216312e-05
2.32386908 1.947428592038728e-05
2.325070046 2.423469240904719e-05
2.3262710120000003 2.7133048957938807e-05
2.327471977 3.067481206187659e-05
2.328672943 3.474052859515495e-05
2.329873909 3.9279201707364774e-05
2.3310748749999997 4.696152749384843e-05
2.332275841 5.2554154288167995e-05
2.333476807 5.924550082152738e-05
2.3346777729999997 6.701365394658249e-05
2.3358787390000004 7.596952776873245e-05
2.3370797050000003 8.972427748728984e-05
2.338280671 0.00010202971116244341
2.339481637 0.00011599786919631381
2.3406826030000003 0.00013229207466776603
2.341883569 0.00015068943330201885
2.343084535 0.00017391991898114127
2.344285501 0.0001979913990299004
2.3454864659999997 0.00022621083667467975
2.346687432 0.0002592051718563319
2.3478883980000003 0.00029740819484124945
2.349089364 0.0003447189157066535
2.35029033 0.0004002472316554966
2.3514912960000003 0.0004675678509431692
2.352692262 0.0005489190654571151
2.353893228 0.0006472127274458109
2.355094194 0.0007757156308924216
2.35629516 0.0009233056179416295
2.357496126 0.0011005023091256731
2.358697092 0.0013114299679272599
2.359898058 0.001560632451131371
2.361099024 0.0018921641456232
2.3622999890000003 0.0022374526114057732
2.363500955 0.002629733352221862
2.364701921 0.003068924810641193
2.3659028870000003 0.003554059094616075
2.367103853 0.004169516480230791
2.368304819 0.004743843199957645
2.369505785 0.005353357116524256
2.370706751 0.005994408685048573
2.371907717 0.006666384890537809
2.373108683 0.007447915161333205
2.3743096489999997 0.008175686939766023
2.375510615 0.008880494890804492
2.376711581 0.009646000285142791
2.3779125469999998 0.010477592398784968
2.3791135129999996 0.01140334585213481
2.380314478 0.012415953311687102
2.381515444 0.013550029611499885
2.38271641 0.014834027266940053
2.383917376 0.01629839986857574
2.385118342 0.017994163203091343
2.386319308 0.019932307564423376
2.387520274 0.02218448232038773
2.3887212399999997 0.024811373679618318
2.389922206 0.027879745771219672
2.391123172 0.031486164441051005
2.3923241379999998 0.03567128122648086
2.3935251039999996 0.040531803332284976
2.3947260700000004 0.046138242735100796
2.3959270360000002 0.052544811537531995
2.397128002 0.059810989226027664
2.398328967 0.0678446385089925
2.3995299329999997 0.07659491954813377
2.400730899 0.08591860264733876
2.401931865 0.09561986038881376
2.4031328309999997 0.10552138368422861
2.4043337969999996 0.11523949820398857
2.405534763 0.12458390147953743
2.406735729 0.13334406634888446
2.407936695 0.1413768161135849
2.4091376610000004 0.1487142010587458
2.4103386270000002 0.15521258937048826
2.411539593 0.1610699588333433
2.412740559 0.16646942686772376
2.4139415250000003 0.1716417818986809
2.415142491 0.1769389242629963
2.416343456 0.18240271790293916
2.4175444219999997 0.18833886653327897
2.4187453879999996 0.19489422145138016
2.4199463540000004 0.2021385591082437
2.42114732 0.21016975627767548
2.422348286 0.21864711670468306
2.423549252 0.22748752481979884
2.4247502180000002 0.23643825833705528
2.425951184 0.2452201884072967
2.42715215 0.25370144710960973
2.4283531160000003 0.2613833912708068
2.429554082 0.2682400232102001
2.430755048 0.27419746188275307
2.431956014 0.2792692549107443
2.43315698 0.2836975748606893
2.4343579450000004 0.2873328823961616
2.435558911 0.29050853363534934
2.436759877 0.2934122920462484
2.437960843 0.29622056203188496
2.4391618090000002 0.29924074374985676
2.440362775 0.3022830592554874
2.441563741 0.3055905447202161
2.442764707 0.30922435244882596
2.443965673 0.31322166131120077
2.445166639 0.31775543580773136
2.446367605 0.32249176715818983
2.4475685709999997 0.3275590571524259
2.448769537 0.33290764825982394
2.449970503 0.3384739762232303
2.4511714689999997 0.3436382329289257
2.452372434 0.3490299295393946
2.4535734000000002 0.3543762153548804
2.454774366 0.35958416746523103
2.455975332 0.364570422784859
2.457176298 0.3690634770758481
2.458377264 0.3733971542840341
2.45957823 0.37732917969954916
2.460779196 0.38083164820737864
2.4619801619999997 0.3838929901911209
2.463181128 0.3863086407844768
2.464382094 0.38852119760595877
2.4655830599999997 0.3903519119706288
2.466784026 0.39183893724599866
2.4679849920000003 0.3930256974330329
2.469185958 0.3939509846132157
2.470386923 0.3946750875446918
2.471587889 0.3954423346426057
2.4727888549999997 0.3958734414183937
2.473989821 0.3964196740910612
2.475190787 0.39668266865333185
2.4763917529999997 0.3969052602767811
2.477592719 0.3973105227699991
2.4787936850000003 0.39748826452721664
2.479994651 0.3978614008444842
2.481195617 0.39800818340153205
2.4823965830000003 0.39835910252260065
2.483597549 0.398691055207364
2.484798515 0.39899966494416045
2.485999481 0.3990652363529592
2.4872004459999997 0.3992941939010929
2.488401412 0.3994751897195909
2.489602378 0.3993878784621231
2.490803344 0.39944463903375305
2.49200431 0.3994240806763061
2.4932052760000003 0.3993285313939774
2.494406242 0.3991510114937074
2.495607208 0.3988896883537826
2.496808174 0.3985471945116438
2.49800914 0.3981267138604875
2.499210106 0.3976303652622059
2.500411072 0.3970646128357085
2.501612038 0.39644638260729925
2.502813004 0.395774913653505
2.50401397 0.3950674731827213
2.505214935 0.39432065868452254
2.506415901 0.39355218555469834
2.5076168670000003 0.39276909076933364
2.508817833 0.39198575997690566
2.510018799 0.39122225232126984
2.511219765 0.3904661555980893
2.512420731 0.38973735800657
2.513621697 0.3890469677479345
2.514822663 0.3883992215998249
2.5160236289999998 0.3878138539721777
2.517224595 0.387275215113686
2.518425561 0.386797112903181
2.519626527 0.3863839958277129
2.5208274929999996 0.3860415163887113
2.522028459 0.3857597013229821
2.523229424 0.3855498231549461
2.52443039 0.38541484863909703
2.525631356 0.3853532898051779
2.526832322 0.3853641506387768
2.528033288 0.38545298419465923
2.529234254 0.3856108784568886
2.5304352199999998 0.38583664992656186
2.531636186 0.38612850717062647
2.532837152 0.38648337201764443
2.534038118 0.38690264481287484
2.5352390839999996 0.38737395552753573
2.53644005 0.3878972582151186
2.5376410160000002 0.3884643231202785
2.538841982 0.3890708178966831
2.540042948 0.3897210317431124
2.5412439129999997 0.39039474412942343
2.542444879 0.3910940377915917
2.543645845 0.3918114504942386
2.5448468109999998 0.39254186381123857
2.546047777 0.3932917418291909
2.547248743 0.3940372093652761
2.548449709 0.3947833225680307
2.5496506749999996 0.3955249109277159
2.5508516410000004 0.39625895317616316
2.5520526070000003 0.3970579767287036
2.553253573 0.3977974219832934
2.554454539 0.398517412196036
2.5556555050000003 0.3992145699432883
2.556856471 0.3998858336301959
2.558057437 0.40057769158615897
2.5592584019999998 0.4011939169861677
2.5604593679999996 0.4017797348714808
2.561660334 0.40233852763295863
2.5628613000000002 0.4028681994125995
2.564062266 0.40341940048983516
2.565263232 0.4038891676351677
2.5664641980000003 0.40433291785214875
2.567665164 0.40475611535803785
2.56886613 0.40514904855800377
2.5700670960000003 0.40556925330572097
2.571268062 0.4059206784275131
2.572469028 0.4062484734671264
2.573669994 0.4065609825523385
2.57487096 0.4068658265224419
2.576071926 0.4072129473755466
2.5772728910000002 0.40749024710773585
2.578473857 0.40776684983577227
2.579674823 0.40803368567230625
2.5808757890000003 0.4082953940656552
2.582076755 0.40862112185496374
2.583277721 0.4089266554886666
2.584478687 0.4092335489998899
2.585679653 0.4095424106738095
2.586880619 0.409857503007307
2.588081585 0.41027332827423857
2.5892825509999997 0.41059656140825196
2.590483517 0.41090509928249597
2.591684483 0.4112154139093963
2.5928854489999997 0.41154108712997184
2.594086414 0.41196765850310424
2.5952873800000003 0.4122917254510242
2.596488346 0.4126108649893814
2.597689312 0.41292497740176215
2.598890278 0.4132329463889786
2.600091244 0.41364808503980766
2.60129221 0.41350328764506145
2.602493176 0.4132541230695753
2.6036941419999997 0.4129919807600251
2.604895108 0.4127133848508038
2.606096074 0.41199843797802704
2.6072970399999997 0.4116863797677842
2.6084980059999996 0.41135505817798457
2.6096989720000003 0.41100364717071897
2.610899938 0.41064022316589666
2.612100903 0.40983249984177006
2.613301869 0.4094142180513307
2.6145028349999997 0.4082682612852261
2.615703801 0.4082491616660373
2.616904767 0.4082045667722147
2.6181057329999997 0.4081716281049898
2.619306699 0.4081075084690541
2.620507665 0.4080280155601611
2.621708631 0.4079407079737525
2.622909597 0.4078429761708272
2.6241105630000003 0.40775435599045806
2.625311529 0.40764847863554843
2.626512495 0.40753812160402947
2.627713461 0.40742202784445203
2.628914427 0.40731465350211815
2.630115392 0.4072259970402359
2.631316358 0.40713387674328744
2.6325173239999997 0.4070583942127656
2.63371829 0.4069884804413772
2.6349192560000003 0.40693285607112345
2.636120222 0.40691790432482267
2.637321188 0.4068989684031224
2.638522154 0.4068951836005932
2.63972312 0.4069155439668586
2.640924086 0.4069519928847213
2.642125052 0.4070230120098251
2.643326018 0.4071028148403688
2.644526984 0.4072057951294715
2.64572795 0.40733002078614977
2.646928916 0.4074760315657898
2.648129881 0.4076567557054221
2.6493308470000003 0.40783955573826625
2.650531813 0.40804357358963883
2.651732779 0.40734411476109894
2.652933745 0.40745769373072416
2.654134711 0.40745043786849544
2.655335677 0.4075628391647713
2.656536643 0.40767797634271824
2.657737609 0.40779918719127206
2.658938575 0.4079233051585115
2.660139541 0.4078773805906476
2.661340507 0.40794688674386037
2.662541473 0.40801404006760245
2.663742439 0.40807252963806206
2.664943405 0.4081331017880254
2.66614437 0.40795775685709124
2.667345336 0.4079933789499643
2.668546302 0.40803259576627304
2.669747268 0.40806463818402244
2.670948234 0.40809960001198087
2.6721492 0.4079277423770751
2.673350166 0.4079584737903006
2.674551132 0.4079832695094966
2.675752098 0.40801689280359255
2.6769530639999997 0.40804721168227037
2.67815403 0.40790577052897414
2.679354996 0.40791526044250426
2.680555962 0.4079104415291752
2.681756928 0.40789396299377567
2.6829578940000003 0.40785886033470686
2.684158859 0.40771126624501597
2.685359825 0.40765534806738957
2.686560791 0.40758177677162216
2.687761757 0.4074985779246454
2.688962723 0.4074110231047837
2.690163689 0.4072812509230486
2.6913646549999997 0.4071987627492998
2.6925656210000004 0.407117616616572
2.6937665870000003 0.4070409368437271
2.694967553 0.4069713833399738
2.696168519 0.4069243125248605
2.6973694850000003 0.40687607365058753
2.698570451 0.40683937865963454
2.699771417 0.4068176838779437
2.700972383 0.4076231784124132
2.7021733479999996 0.4078002531031169
2.703374314 0.40787041556418946
2.70457528 0.407942321069661
2.705776246 0.40801719768635414
2.706977212 0.40809233049540106
2.7081781780000003 0.4082825438916893
2.709379144 0.4083666468401967
2.71058011 0.40844852843066987
2.7117810760000003 0.40853117972059866
2.712982042 0.4086100019925781
2.714183008 0.4087979926063291
2.715383974 0.4088712621190323
2.71658494 0.408936501469642
2.717785906 0.4090030021642982
2.7189868710000002 0.40906476541495956
2.720187837 0.4092283527868762
2.721388803 0.40928072887594336
2.7225897690000003 0.40933412294698324
2.723790735 0.4093883057881582
2.724991701 0.409439646384727
2.726192667 0.4096097333159935
2.727393633 0.4096605623570353
2.728594599 0.4097042101654996
2.729795565 0.40975384821700817
2.7309965309999997 0.4097918049582048
2.732197497 0.40994018159100976
2.733398463 0.40997687271455374
2.7345994289999997 0.41001083512625586
2.735800395 0.4100422381108676
2.7370013600000003 0.4101860077366065
2.738202326 0.4102276596893447
2.739403292 0.410276261399496
2.740604258 0.4103379591100077
2.741805224 0.41040346414279444
2.74300619 0.4105875223678832
2.744207156 0.4106759820272102
2.7454081219999997 0.41077660144319844
2.746609088 0.4108894836731129
2.747810054 0.41100782054928175
2.7490110199999997 0.41124892306007077
2.7502119859999996 0.41139067454993844
2.751412952 0.4109119287121246
2.752613918 0.41045104923523523
2.753814884 0.41000646494197657
2.755015849 0.40906103952293427
2.756216815 0.4086444816758267
2.757417781 0.40824543833498605
2.758618747 0.4078565931805582
2.7598197129999997 0.4074833349993541
2.761020679 0.40661619352237743
2.762221645 0.4062712144304331
2.7634226109999998 0.40652215899994837
2.764623577 0.4066406428081262
2.7658245430000004 0.4067802726169397
2.767025509 0.4068846874069002
2.768226475 0.4070693697233677
2.769427441 0.4072703182237144
2.7706284070000002 0.4074847533935059
2.771829373 0.4077166011334508
2.773030338 0.4079597223106528
2.7742313039999997 0.4082236906999334
2.7754322699999996 0.4084937555739228
2.7766332360000003 0.40877309823530017
2.777834202 0.4090554599077597
2.779035168 0.4093860986623045
2.7802361340000004 0.40968128105369284
2.7814371 0.4099742315504534
2.782638066 0.41026410484825404
2.783839032 0.4105478538674653
2.7850399980000002 0.41091044118141573
2.786240964 0.41118927809751193
2.78744193 0.4114600881724733
2.788642896 0.41172196174257747
2.789843862 0.4119713854614744
2.7910448270000003 0.4123066340640159
2.792245793 0.41253286613662143
2.793446759 0.4127457813048675
2.794647725 0.41293958017036925
2.795848691 0.41311977929008004
2.797049657 0.4133756574541161
2.798250623 0.4135189251852176
2.799451589 0.41364476120756694
2.800652555 0.41375447062712506
2.801853521 0.4138502651682709
2.803054487 0.41399581238079863
2.804255453 0.41405599540456667
2.805456419 0.414100298889359
2.806657385 0.4141335133644909
2.8078583509999997 0.41415415016887325
2.809059316 0.41418833405933037
2.810260282 0.41417816281110587
2.811461248 0.41415773930752353
2.812662214 0.4141308310850521
2.81386318 0.41409605773002967
2.815064146 0.41402578707723836
2.816265112 0.413971042617389
2.817466078 0.4139160293210862
2.8186670439999997 0.41385861921914846
2.81986801 0.41380473780479743
2.821068976 0.4136650795649188
2.8222699419999997 0.4136856151603121
2.823470908 0.41371049447993125
2.8246718740000003 0.41374140691805006
2.825872839 0.41377818650765397
2.827073805 0.41376391837029164
2.828274771 0.41380724755050957
2.829475737 0.41385729266156057
2.830676703 0.41391922952348525
2.831877669 0.41398912421463674
2.8330786349999997 0.4139807798699132
2.834279601 0.41406571593498565
2.8354805670000003 0.4141635937927265
2.836681533 0.4142726910896647
2.837882499 0.41439278745676467
2.8390834650000003 0.41442183389388415
2.840284431 0.41456537009494243
2.841485397 0.4147212419415722
2.842686363 0.41488759841212086
2.8438873279999997 0.4150661638545693
2.845088294 0.415156296926261
2.84628926 0.41535774066721465
2.8474902259999997 0.4155700382362095
2.848691192 0.4157928449183087
2.8498921580000003 0.41602170930493587
2.851093124 0.4161876316623261
2.85229409 0.41643872767384893
2.8534950560000003 0.41669891650438373
2.854696022 0.41696630019605563
2.855896988 0.41724006737608893
2.857097954 0.4174812795571424
2.85829892 0.4177719631694352
2.859499886 0.41806852042844306
2.860700852 0.4183681283650935
2.861901817 0.4186710220791318
2.863102783 0.4189772173860674
2.8643037490000003 0.4192930657321271
2.865504715 0.41961089367276827
2.866705681 0.4199307919641925
2.867906647 0.42024966260398366
2.869107613 0.4206068509450748
2.870308579 0.42093124330703746
2.871509545 0.4212560173228952
2.872710511 0.4215782759786495
2.873911477 0.42189824592885833
2.875112443 0.42227450342870554
2.8763134089999998 0.42258960942522417
2.877514375 0.42289954289752985
2.878715341 0.4232032280036081
2.879916306 0.4234986206974406
2.881117272 0.42385608332856317
2.882318238 0.4241347214458262
2.883519204 0.42440230570827625
2.88472017 0.4246591039327322
2.885921136 0.42490322599752317
2.8871221019999997 0.4251952161319096
2.888323068 0.42540736282620617
2.889524034 0.425604562979399
2.8907249999999998 0.4257841689850781
2.8919259659999996 0.42594776205013507
2.893126932 0.4261261458288439
2.894327898 0.4262475145806527
2.895528864 0.4263474599296691
2.8967298300000004 0.42642738446662826
2.897930795 0.42648657483886177
2.899131761 0.4265160668722102
2.900332727 0.4265263816570636
2.9015336929999997 0.42651524286303577
2.902734659 0.42648076857519246
2.903935625 0.42642586968616014
2.9051365909999998 0.4262866281823058
2.9063375569999996 0.4261810670133037
2.9075385230000004 0.426054455693028
2.9087394890000002 0.42590819869598207
2.909940455 0.4257422826379458
2.911141421 0.42544025097740146
2.9123423870000003 0.4252317610585422
2.913543353 0.4250079070138072
2.914744319 0.424769516408656
2.9159452839999997 0.424519535908674
2.9171462499999996 0.4240909539029275
2.918347216 0.42381634922897227
2.919548182 0.42353724890157485
2.920749148 0.42325489112665915
2.9219501140000004 0.4229714385800134
2.9231510800000002 0.4224825898685256
2.924352046 0.42219664938020235
2.925553012 0.4219155838720072
2.9267539780000003 0.42164153186379116
2.927954944 0.4213760096563832
2.92915591 0.4208967367624969
2.930356876 0.4206517117341604
2.931557842 0.4204192381944495
2.932758808 0.42020177712985723
2.933959773 0.42000142689555087
2.935160739 0.419598318275481
2.936361705 0.4194376921686713
2.9375626710000002 0.419297703768718
2.938763637 0.4191783227290006
2.939964603 0.4190802837520564
2.941165569 0.41884192574907586
2.942366535 0.41882836245084515
2.943567501 0.41883747600959187
2.944768467 0.41886944294780704
2.945969433 0.4189230291623319
2.947170399 0.418876970944422
2.948371365 0.41898007071571536
2.9495723309999997 0.41910228946144445
2.950773296 0.4192423511534588
2.9519742620000002 0.41939893042684545
2.953175228 0.4195064633985409
2.954376194 0.4197003576310421
2.95557716 0.41990591293312607
2.956778126 0.4201223782573009
2.957979092 0.42034703738507084
2.959180058 0.4205790964029923
2.9603810239999997 0.4208245168476677
2.96158199 0.42107250860578105
2.962782956 0.4213217510525589
2.9639839219999997 0.42157126506327836
2.9651848879999996 0.421887765279495
2.9663858540000003 0.4221410869118515
2.96758682 0.4223883283675188
2.968787785 0.42262935361189685
2.969988751 0.4228636439372825
2.971189717 0.4232216731250448
2.972390683 0.42344817638093407
2.973591649 0.4236642264531519
2.9747926149999997 0.4238713308751785
2.975993581 0.42406905660277316
2.977194547 0.424443241980325
2.9783955129999997 0.4246298833573714
2.979596479 0.4248081618345181
2.9807974450000003 0.4249785399408572
2.981998411 0.42514285404379576
2.983199377 0.4255238291255542
2.984400343 0.42568144606709934
2.985601309 0.4258333500641356
2.986802274 0.4259839579504308
2.98800324 0.42637427443877657
2.9892042059999997 0.42652541230225594
2.990405172 0.4266762713014781
2.9916061380000003 0.42683092871316575
2.992807104 0.42698892060909477
2.99400807 0.42740014142725313
2.9952090360000003 0.42757146553020253
2.996410002 0.4277509675849943
2.997610968 0.42793941119414824
2.998811934 0.4281409294082333
3.0000129 0.4283664058714622
3.001213866 0.4286258234494688
3.002414832 0.4288991960001262
3.003615798 0.42918679306792884
3.004816763 0.4294881800608132
3.0060177290000003 0.43001357497986903
3.007218695 0.4303386034165064
3.008419661 0.4306761339956474
3.009620627 0.43102653290730886
3.010821593 0.43138725724162374
3.012022559 0.4319228217134801
3.013223525 0.43229508766443026
3.014424491 0.4326763540964761
3.015625457 0.4330618303784911
3.016826423 0.43345241105541055
3.018027389 0.4339538037946983
3.019228355 0.4343384791486423
3.020429321 0.43472106327899546
3.021630287 0.43510081675480006
3.022831252 0.4354717435384458
3.024032218 0.43588825603044656
3.025233184 0.4362302252210718
3.02643415 0.43656027656342333
3.027635116 0.4368745839177085
3.0288360819999998 0.43717166014434866
3.030037048 0.43745002445045267
3.031238014 0.4376999300812731
3.03243898 0.4379312299638139
3.0336399459999996 0.43814146769554974
3.034840912 0.4383306813471277
3.036041878 0.4384510177892681
3.0372428439999997 0.4385886135409396
3.0384438100000004 0.43870239338874617
3.0396447760000003 0.43879569039583666
3.040845741 0.43886585759332486
3.042046707 0.438840406757101
3.0432476729999998 0.4388646658002674
3.044448639 0.438872324004807
3.045649605 0.4388634994401406
3.046850571 0.4388418705595766
3.0480515369999996 0.438716144206979
3.049252503 0.43867052075454194
3.0504534690000003 0.4386184736103357
3.051654435 0.43856099908703505
3.052855401 0.4385035733165088
3.0540563670000003 0.43835528832664816
3.055257333 0.4383043149585589
3.056458299 0.43825678572223914
3.0576592639999998 0.43821947186586097
3.0588602299999996 0.4381913288888095
3.060061196 0.4381031949225432
3.061262162 0.4381149237931181
3.062463128 0.4381450040429459
3.0636640940000004 0.438193138451174
3.0648650600000003 0.43826166224076457
3.066066026 0.43831053897530936
3.067266992 0.43842573058518186
3.0684679580000003 0.43856217489012034
3.069668924 0.4387162800493515
3.07086989 0.4388912052204451
3.072070856 0.4390762510860948
3.073271822 0.4392887865310342
3.074472788 0.4395090839455985
3.0756737530000002 0.4397371106012784
3.076874719 0.4399657702544876
3.078075685 0.4402280581541237
3.0792766510000003 0.44045094338551205
3.080477617 0.4406547687249378
3.081678583 0.4408309052293591
3.0828795490000003 0.4409672631048859
3.084080515 0.44113477292028713
3.085281481 0.4411693280448692
3.086482447 0.441131828560934
3.087683413 0.4410031153764826
3.088884379 0.4407709091384054
3.090085345 0.44052370525600126
3.0912863109999997 0.44002362691512753
3.092487277 0.4393601650886274
3.0936882420000003 0.43850837449180086
3.094889208 0.43744505092468905
3.096090174 0.43628862364355525
3.09729114 0.4347325015392179
3.098492106 0.43288030871718447
3.099693072 0.43071566678057727
3.100894038 0.42820816223213753
3.1020950039999997 0.4254870714575618
3.10329597 0.4222058569918505
3.104496936 0.418504345079452
3.1056979019999997 0.4143542788907776
3.106898868 0.40972883120663717
3.108099834 0.40478630689110484
3.1093008 0.3991812324891727
3.110501766 0.3930599300945965
3.111702731 0.3864225832379894
3.112903697 0.3792756939662393
3.114104663 0.3717684581426115
3.115305629 0.3636047316245062
3.1165065949999997 0.3549659766782789
3.117707561 0.3458748214498764
3.118908527 0.3363497906424572
3.1201094929999997 0.32656403194804967
3.1213104589999996 0.31629941034435327
3.1225114250000003 0.305725843125778
3.123712391 0.294893268154518
3.124913357 0.2838573721784459
3.126114323 0.2727694074323837
3.127315289 0.26147492251940146
3.128516255 0.2501390616182416
3.12971722 0.23881989479656426
3.1309181859999997 0.22756622110029712
3.132119152 0.2164968505723594
3.133320118 0.20552369057118122
3.134521084 0.19476588700721523
3.13572205 0.18426109305276517
3.1369230160000003 0.1740474225683913
3.138123982 0.16420273990474732
3.139324948 0.15466062790027696
3.140525914 0.14549012040050788
3.14172688 0.13670795213336398
3.142927846 0.12832707538561727
3.144128812 0.12037517471803247
3.145329778 0.11280402406187122
3.146530744 0.10564160207032264
3.1477317090000003 0.09888031767072734
3.148932675 0.0925135989708587
3.150133641 0.08654110915834798
3.151334607 0.08092644073314148
3.152535573 0.07566768370392002
3.153736539 0.07075106997378622
3.154937505 0.0661598245824069
3.1561384710000002 0.06188203538158314
3.157339437 0.057888779932664586
3.158540403 0.05416919163071865
3.159741369 0.05070986853630217
3.160942335 0.04749199382112917
3.162143301 0.04450439691829716
3.163344267 0.041723954020002965
3.1645452329999997 0.039139665434021136
3.165746198 0.03674036785336274
3.166947164 0.03451030199489013
3.16814813 0.032440595931731764
3.169349096 0.030514199662778276
3.170550062 0.02872440129880529
3.171751028 0.02706022275912619
3.172951994 0.02551253658216997
3.17415296 0.024073813757823016
3.1753539259999997 0.022732469236471226
3.176554892 0.021484995400760203
3.177755858 0.020322349060392136
3.1789568239999997 0.01923899638511279
3.18015779 0.018228025520945948
3.1813587560000003 0.01728366210455604
3.182559721 0.016402283190445996
3.183760687 0.01557718501360119
3.184961653 0.01480666332933274
3.186162619 0.01408436052463689
3.187363585 0.013407843423346319
3.188564551 0.012773536959433344
3.1897655169999997 0.012177868451868898
3.190966483 0.011619693139886884
3.192167449 0.011094187894974038
3.193368415 0.010601039712223679
3.194569381 0.010136103080252099
3.1957703470000003 0.009698331165344168
3.196971313 0.009285494551922053
3.198172279 0.008894883856703938
3.1993732450000003 0.008526219759733361
3.20057421 0.008175057180264803
3.201775176 0.007842621275829003
3.202976142 0.007526427559128258
3.2041771079999997 0.00722573524852203
3.2053780740000004 0.006939968437584909
3.2065790400000003 0.0066666389056931966
3.207780006 0.006407072849346548
3.208980972 0.006158641347981084
3.2101819380000003 0.005922312999367085
3.211382904 0.005695793751035745
3.21258387 0.005478061780222492
3.213784836 0.005270345838704275
3.214985802 0.005069869900712154
3.216186768 0.0048779211905530355
3.217387734 0.004692128181687703
3.218588699 0.004512772951446441
3.219789665 0.00434014808126312
3.2209906310000003 0.004173137390593956
3.222191597 0.004012821923210572
3.223392563 0.0038566130101822128
3.2245935290000003 0.0037059311274445176
3.225794495 0.003559963719635715
3.226995461 0.0034185221009099005
3.228196427 0.00328198240347125
3.229397393 0.003148578201200787
3.230598359 0.003020183927647886
3.231799325 0.002894980640650983
3.2330002909999997 0.0027733951989050007
3.234201257 0.0026560446772860512
3.235402223 0.002541373302021991
3.236603188 0.002431122360993458
3.237804154 0.0023235955581515704
3.23900512 0.0022195741818427884
3.240206086 0.002118794927007991
3.241407052 0.002020968372268704
3.242608018 0.0019271654572606124
3.2438089839999997 0.001835419678888481
3.24500995 0.0017475771760745824
3.246210916 0.001663121031738349
3.2474118819999997 0.0015817924728272021
3.248612848 0.0015040142859481368
3.249813814 0.0014282464928337007
3.2510147799999998 0.0013558755320955442
3.252215746 0.0012859535626574944
3.2534167120000004 0.001219295555489139
3.254617677 0.0011557428687170314
3.255818643 0.0010939712963108277
3.257019609 0.0010355097467824492
3.2582205749999997 0.0009792378782661295
3.259421541 0.0009257779726204184
3.260622507 0.0008749050425469643
3.2618234729999998 0.0008261666379378872
3.2630244389999996 0.0007803788256034903
3.2642254050000004 0.0007357919999022524
3.265426371 0.0006934738356533101
3.266627337 0.0006531802392944527
3.267828303 0.0006145148875056931
3.2690292690000002 0.0005785857397381661
3.270230235 0.0005440895036803988
3.271431201 0.0005118009566931205
3.2726321659999997 0.0004810404417272857
3.273833132 0.00045180363225971954
3.275034098 0.0004250177536515593
3.2762350639999998 0.0003991874087429356
3.27743603 0.00037566615278656685
3.2786369960000004 0.00035348078655293307
3.279837962 0.0003320055739820058
3.281038928 0.0003125086792684777
3.282239894 0.00029364610222339343
3.2834408600000002 0.0002763960272798992
3.284641826 0.000259905567217153
3.285842792 0.00024451857750565895
3.287043758 0.00023089537629070685
3.288244724 0.00021744590660324251
3.2894456890000003 0.00020553139725456736
3.290646655 0.0001941296357187265
3.291847621 0.00018346706507997584
3.2930485870000004 0.00017403095396288757
3.294249553 0.00016455791443206042
3.295450519 0.0001560008236457474
3.296651485 0.00014756959653123452
3.2978524510000002 0.00013955279178263675
3.299053417 0.00013246141335515306
3.300254383 0.00012515326327861877
3.301455349 0.00011857274349466984
3.302656315 0.00011229209300025969
3.303857281 0.00010634839459040585
3.305058247 0.00010142744102299302
3.3062592129999997 9.637523116925821e-05
3.307460178 9.1981024511003e-05
3.308661144 8.78410491661221e-05
3.30986211 8.390768236491712e-05
3.311063076 8.069304072112047e-05
3.312264042 7.731059401323796e-05
3.313465008 7.45245839573448e-05
3.314665974 7.192892700291469e-05
3.31586694 6.935710792009156e-05
3.317067906 6.765516358460577e-05
3.318268872 6.565667842481627e-05
3.319469838 6.382682549808548e-05
3.3206708039999997 6.203624433332594e-05
3.32187177 6.032287737930924e-05
3.323072736 5.950683553171773e-05
3.324273702 5.820322767215529e-05
3.325474667 5.657651279630388e-05
3.326675633 5.51216128989576e-05
3.327876599 5.379941843602136e-05
3.329077565 5.29947840804047e-05
3.330278531 5.2081332589608745e-05
3.3314794969999997 5.065645316333607e-05
3.332680463 4.928535582131794e-05
3.333881429 4.765884181808739e-05
3.3350823949999997 4.6410539306567765e-05
3.336283361 4.483875156871812e-05
3.3374843270000003 4.317708577096325e-05
3.338685293 4.181880521773145e-05
3.339886259 4.043577388054614e-05
3.3410872250000003 3.97337008375989e-05
3.342288191 3.90079866717257e-05
3.343489156 3.78812818065762e-05
3.344690122 3.710775636666698e-05
3.3458910879999997 3.637451603187838e-05
3.347092054 3.558234779101399e-05
3.3482930200000003 3.4746669439154835e-05
3.349493986 3.37192053845966e-05
3.350694952 3.3011391640701416e-05
3.3518959180000003 3.234164234254283e-05
3.353096884 3.1869039049822006e-05
3.35429785 3.1539128161901445e-05
3.355498816 3.09912759953924e-05
3.356699782 3.051196667399935e-05
3.357900748 3.0002006270303668e-05
3.359101714 2.9367766718360915e-05
3.3603026799999998 2.889381815842037e-05
3.361503645 2.8363524380938678e-05
3.3627046110000003 2.8019234742903457e-05
3.363905577 2.783723814370299e-05
3.365106543 2.7585961568239e-05
3.3663075090000003 2.7618220215724937e-05
3.367508475 2.7938623836267718e-05
3.368709441 2.8219358382869505e-05
3.369910407 2.8411252131916876e-05
3.371111373 2.8205818310219836e-05
3.372312339 2.7957381151883886e-05
3.373513305 2.7810118142521665e-05
3.3747142709999998 2.7802759834890573e-05
3.375915237 2.78892023086314e-05
3.377116203 2.7870166553932368e-05
3.378317169 2.7846834183746117e-05
3.379518134 2.8276306334200978e-05
3.3807191 2.8911261439633656e-05
3.381920066 2.9470397921715124e-05
3.383121032 2.9789634567164147e-05
3.384321998 2.9763259907190838e-05
3.3855229639999997 2.982263062300243e-05
3.38672393 2.9968527591552516e-05
3.387924896 3.023200279708741e-05
3.3891258619999998 3.0408916983941864e-05
3.390326828 3.0209344383019394e-05
3.391527794 3.002999684323348e-05
3.39272876 3.047246810660963e-05
3.3939297259999996 3.113114359927257e-05
3.3951306920000004 3.180245633090521e-05
3.3963316580000003 3.2422246940970224e-05
3.397532623 3.318596198978317e-05
3.398733589 3.410358923132203e-05
3.3999345549999997 3.529571640776625e-05
3.401135521 3.662826595086862e-05
3.402336487 3.75131154192905e-05
3.4035374529999998 3.821114689175194e-05
3.4047384189999996 3.8928847136158846e-05
3.405939385 3.9631917999371175e-05
3.407140351 4.0139022135734275e-05
3.408341317 4.081162104716451e-05
3.4095422830000004 4.183286040164189e-05
3.4107432490000003 4.286546674523324e-05
3.411944215 4.4408028636061654e-05
3.413145181 4.62761937556583e-05
3.4143461459999997 4.7731134697395674e-05
3.415547112 4.8813969147280346e-05
3.416748078 4.9919964984992366e-05
3.4179490439999998 5.082914525243235e-05
3.4191500099999996 5.1818239179744536e-05
3.4203509760000004 5.271823624919698e-05
3.4215519420000002 5.307880162764287e-05
3.422752908 5.336003400641662e-05
3.423953874 5.404404925380385e-05
3.4251548400000003 5.5376382457832195e-05
3.426355806 5.6411506264589366e-05
3.427556772 5.669690282224937e-05
3.428757738 5.6716153757593006e-05
3.429958704 5.66942702928029e-05
3.43115967 5.735182232094658e-05
3.432360635 5.8460411385581145e-05
3.433561601 5.882944998291765e-05
3.4347625670000004 5.8782127120491475e-05
3.4359635330000002 5.9205716424516486e-05
3.437164499 5.966072785968433e-05
3.438365465 6.020565926020888e-05
3.4395664310000003 6.081492773005447e-05
3.440767397 6.063628503236978e-05
3.441968363 6.0550519259368835e-05
3.443169329 6.0943027318356835e-05
3.444370295 6.150634464546633e-05
3.445571261 6.19603837287398e-05
3.446772227 6.219836567888885e-05
3.4479731929999997 6.289627521830209e-05
3.449174159 6.373090854293198e-05
3.4503751240000002 6.400719961578431e-05
3.45157609 6.429234954525715e-05
3.452777056 6.386168765973061e-05
3.453978022 6.294994899961419e-05
3.455178988 6.272568339816192e-05
3.456379954 6.239972377068344e-05
3.45758092 6.156523182351579e-05
3.458781886 6.097349429404497e-05
3.459982852 6.037181237173655e-05
3.461183818 5.991368371051246e-05
3.4623847839999997 6.025409656115254e-05
3.46358575 6.042499621373886e-05
3.464786716 6.0897194690795695e-05
3.4659876819999997 6.165195601734544e-05
3.467188648 6.190554898304763e-05
3.468389613 6.212412540374341e-05
3.469590579 6.212770174498682e-05
3.470791545 6.182295294180428e-05
3.471992511 6.166493679561439e-05
3.4731934769999997 6.128445076486857e-05
3.474394443 6.041909288453506e-05
3.475595409 5.937871637716108e-05
3.4767963749999997 5.80087835397011e-05
3.4779973409999996 5.6972417742925385e-05
3.4791983070000003 5.630531731998029e-05
3.480399273 5.53535060750413e-05
3.481600239 5.481211236955227e-05
3.4828012050000003 5.427358243629349e-05
3.484002171 5.3814033918171396e-05
3.485203137 5.4110088219567877e-05
3.486404102 5.3842102756368603e-05
3.4876050679999997 5.311798546012948e-05
3.488806034 5.270910394206309e-05
3.490007 5.1648279645010596e-05
3.491207966 5.08416410550097e-05
3.492408932 5.0690882903379764e-05
3.4936098980000003 4.972039469300829e-05
3.494810864 4.9093286416918095e-05
3.49601183 4.938955686528376e-05
3.497212796 4.936996142009318e-05
3.498413762 4.9888703105803926e-05
3.499614728 5.038061728172519e-05
3.500815694 4.95312506106944e-05
3.50201666 4.9053573176047294e-05
3.503217626 4.884167525995839e-05
3.5044185910000003 4.793002878617464e-05
3.505619557 4.768905866774885e-05
3.506820523 4.7397874828265846e-05
3.5080214890000003 4.700727746989618e-05
3.5092224550000006 0.0
3.510423421000001 0.0
