Microns Throughput
3.9982938279999996 0.0
3.9996450589999997 0.0
4.00099629 1.858056454668727e-05
4.002347521 1.9289689908834354e-05
4.003698753 1.8789684393324374e-05
4.005049984 1.8549441487757053e-05
4.006401216 1.8499662661628688e-05
4.007752447 1.9150468356687287e-05
4.009103679 1.9871591649493856e-05
4.01045491 2.052600926665408e-05
4.011806141 2.10440763877673e-05
4.013157373 2.149781697179062e-05
4.014508604 2.0708033438439245e-05
4.015859836 1.9348699012605064e-05
4.017211067 1.8636173988318628e-05
4.018562299 1.8244511126380244e-05
4.01991353 1.8575884826854653e-05
4.021264761 1.953397662570521e-05
4.022615993 2.065139349126394e-05
4.023967224 2.1947454981749774e-05
4.025318456 2.3818135711787973e-05
4.026669687 2.458261609257724e-05
4.028020919 2.3073878680433194e-05
4.02937215 2.123958452957379e-05
4.030723382 2.1356422872434603e-05
4.032074613 2.339166388683586e-05
4.033425844 2.6811953483240297e-05
4.034777076 2.9112793819643985e-05
4.036128307 2.81639062484236e-05
4.037479539 2.6696874803120348e-05
4.03883077 2.7825276453486705e-05
4.040182002 3.0735592078206934e-05
4.041533233 3.391258069972211e-05
4.042884465 3.617399276411694e-05
4.044235696 3.889620106890051e-05
4.0455869269999996 4.048584746817782e-05
4.046938159 4.199115037758144e-05
4.04828939 4.487304283607024e-05
4.049640622 4.747741287124107e-05
4.050991853 5.045607426137528e-05
4.052343085 5.528074358915321e-05
4.053694316 6.399388431992453e-05
4.055045547 7.299659346529853e-05
4.056396779 7.959686443252491e-05
4.05774801 8.552936580073797e-05
4.059099241999999 9.075622440848677e-05
4.0604504729999995 9.548544776290555e-05
4.061801705 0.00010069410023753498
4.063152936 0.00010840699620680377
4.064504168 0.00011639452152852642
4.065855399 0.00012247932790637202
4.06720663 0.00012906310867302865
4.0685578620000005 0.00013782024757575095
4.069909093000001 0.0001492692610779985
4.071260325 0.0001621868567894357
4.072611556 0.00017484417188824881
4.073962788 0.00018823816478859664
4.075314019 0.00020437147585709539
4.07666525 0.00022292693143983956
4.078016482 0.00024300814228772274
4.079367713 0.00026374508277101423
4.080718945 0.00028601113861756206
4.082070176 0.0003117673865253607
4.083421408 0.00034084332265588163
4.084772639 0.0003729350882603835
4.086123871 0.00040763109838264674
4.087475102 0.0004448537298032269
4.088826333 0.00048580801761803996
4.090177565 0.0005327743717470811
4.091528796 0.0005844020366783839
4.092880028 0.0006403812828264408
4.094231259 0.0007015696540368499
4.095582491 0.0007685977091878385
4.096933722 0.0008419902174898609
4.098284953 0.00092305872185318
4.0996361850000005 0.00101352586421307
4.100987416 0.0011129740041198077
4.102338648 0.001222028445952566
4.103689878999999 0.001342162985117096
4.105041110999999 0.0014773300646420268
4.106392342 0.0016302856242340798
4.107743574 0.0018008602704093681
4.109094805 0.0019901489988378433
4.110446036 0.0021994088050646325
4.111797268 0.0024317646745703934
4.113148499 0.002691679387603451
4.1144997309999995 0.002984330645511129
4.115850962000001 0.0033133666807040143
4.117202194000001 0.0036826983694170593
4.118553425 0.004096262263970942
4.119904657 0.004561125569039716
4.121255887999999 0.005086232286678358
4.122607119 0.005679263659602953
4.123958351000001 0.006347966143850716
4.125309582 0.0071047141594428685
4.126660814 0.007959114594467163
4.128012045 0.008926318949955733
4.129363277 0.010018747040952906
4.130714508 0.011261015351544116
4.132065739 0.012674823115262966
4.133416971 0.014279745876888548
4.134768202 0.016105714284047674
4.136119434 0.018190076965792203
4.1374706649999995 0.020568428111944835
4.138821897 0.023279633963595843
4.140173128000001 0.026378600846427736
4.14152436 0.029914978183809723
4.142875591 0.03395515874552138
4.144226821999999 0.03857402720559306
4.145578054 0.04384563555511139
4.146929285000001 0.049854662131727914
4.148280517 0.056701572941545236
4.149631748 0.06447445670224988
4.15098298 0.07329432412000109
4.152334211 0.08324517387394244
4.153685442 0.09440602552229486
4.155036674 0.10690653187132096
4.156387905 0.12080817846600489
4.157739136999999 0.13618714953651126
4.159090368 0.15300699204698578
4.1604416 0.17121430562826473
4.161792831 0.19081163753216396
4.163144063 0.21172556906634507
4.164495294 0.23377343377652673
4.165846525 0.2566378764867217
4.167197757 0.2798511684501227
4.1685489879999995 0.30334260107082983
4.169900220000001 0.32686147208023886
4.171251451 0.3501370764030078
4.172602683 0.37264587202258553
4.173953914 0.3937366693279121
4.1753051459999995 0.4137922872342964
4.1766563770000005 0.4325687561795704
4.178007608 0.4499953718550046
4.17935884 0.4658845588856231
4.180710071 0.47976100111403197
4.182061303 0.49223227739036246
4.183412534 0.5032913831103918
4.184763766 0.5130251305685318
4.186114997 0.5214705198772975
4.187466228 0.528318149231101
4.18881746 0.5341891480191784
4.190168691 0.5391716288634525
4.1915199229999995 0.5432902526482937
4.1928711540000005 0.5466172750667271
4.194222386000001 0.5492201155815564
4.195573617 0.5513040646196494
4.196924849 0.5529501535691663
4.198276079999999 0.5542475251177044
4.199627311 0.5552502055093939
4.200978543 0.555948229082661
4.202329774 0.5564794745138766
4.203681006 0.5568784557034685
4.205032237 0.557199541774321
4.206383469 0.5573913885071435
4.2077347 0.5575163952838913
4.209085931 0.5576367546939287
4.210437163 0.5577277525369762
4.211788394 0.5577811108748445
4.213139626 0.5578432280291179
4.2144908569999995 0.5579382148935688
4.215842089 0.558026863367759
4.217193320000001 0.5581181975994802
4.218544552 0.5582434593719572
4.219895783 0.5584104637047238
4.221247013999999 0.5585503790344306
4.2225982459999996 0.5587058323940378
4.223949477 0.5588860050644024
4.225300709 0.5590742778342359
4.22665194 0.5592236089761151
4.228003171999999 0.5593829692060271
4.229354403 0.5595491851835708
4.2307056339999995 0.5596982048464585
4.232056866 0.5597922415997401
4.233408097000001 0.559906559508699
4.234759329 0.5599995810732858
4.23611056 0.560051796139718
4.237461792 0.5600727273591708
4.238813023 0.5601204913298785
4.240164255 0.560130742281965
4.241515486 0.5601165235278638
4.242866717 0.5600800318461929
4.244217949 0.560045009106634
4.24556918 0.5599379734106908
4.246920412000001 0.5597790846699786
4.248271643 0.5595781060054463
4.249622875 0.5593616365741109
4.250974105999999 0.5590338467017795
4.2523253379999995 0.5586538511979308
4.2536765690000005 0.5582332688398862
4.2550278 0.5577583282528793
4.256379032 0.557151104234503
4.257730263 0.5564509439205324
4.259081495 0.5556605196147385
4.260432726 0.55475189758258
4.261783958 0.5536650228126301
4.263135189 0.5523736841670235
4.26448642 0.5508714998460194
4.265837652 0.5490967417963715
4.267188883 0.5469975101977216
4.2685401149999995 0.5444021193687756
4.2698913460000005 0.5413172461412423
4.271242578000001 0.5378522884399106
4.272593809 0.5341614029410549
4.273945041 0.5307510402341671
4.275296271999999 0.5288352253881233
4.276647503 0.5288424911073436
4.277998735 0.5309138188610667
4.279349966 0.535146178912843
4.280701198 0.5398994047512566
4.282052429 0.543727760690164
4.283403661 0.5463300793270136
4.284754892 0.5475760958439793
4.286106123 0.5475914679761155
4.287457355 0.5472759960429423
4.288808586 0.546806126725505
4.290159818 0.5463243371763948
4.2915110489999995 0.5457972038962452
4.292862281 0.5452820501704202
4.294213512000001 0.5448139716326243
4.295564744 0.5443511061788007
4.296915975 0.5438709178174438
4.298267206 0.5434421628798147
4.299618438 0.5430243032590032
4.300969669 0.5426303781215006
4.302320901 0.5422494633236965
4.303672132 0.5418974337660706
4.305023363999999 0.5416141876941732
4.306374595 0.5413388649893347
4.3077258259999995 0.5410740212022718
4.309077058 0.5409203065767355
4.310428289000001 0.540788506346295
4.311779521 0.5406879778536385
4.313130752 0.5406257682243587
4.314481984 0.5406148982238155
4.315833215 0.5406355135190972
4.317184447 0.5407044245519529
4.318535678 0.5407475182945691
4.319886909 0.5408623036759594
4.321238141 0.5410238956290135
4.322589372 0.5411603375859425
4.323940604000001 0.5412937044866732
4.325291835 0.5415024844128234
4.326643067 0.5416615574637422
4.327994297999999 0.5417955231825029
4.329345529999999 0.5419328213244226
4.3306967610000004 0.5420544758392265
4.332047992 0.5421658941267429
4.333399224 0.5421978495861641
4.334750455 0.542179867217278
4.336101687 0.5421576634970042
4.337452918 0.5420284859727484
4.33880415 0.5418200056865448
4.340155381 0.541565150165941
4.341506612 0.5412096485494173
4.342857844 0.5407587558187279
4.344209075 0.540240744832325
4.3455603069999995 0.5396103874586495
4.3469115380000005 0.5389031706589977
4.34826277 0.5381360311342374
4.349614001 0.5372428940733485
4.350965233 0.5362909935671587
4.352316464 0.535294229401474
4.353667695 0.5342205047884145
4.355018927 0.5330944070179209
4.356370158 0.5319421421498184
4.35772139 0.5307645495978797
4.359072621 0.5295646751508427
4.360423853 0.5283142882686583
4.361775084 0.5270750826311881
4.363126315000001 0.5258114475454405
4.364477547000001 0.5244958896936899
4.365828778 0.5231149083439888
4.36718001 0.5216602187898192
4.3685312409999995 0.5200613611720508
4.369882473 0.518294159488347
4.371233704 0.5162647275806327
4.372584936 0.5138705118764162
4.373936167 0.5110781512134633
4.375287398 0.5078300987713709
4.37663863 0.5037897165299364
4.377989861 0.49894676653115166
4.379341093 0.4933128148557504
4.380692324 0.48682803044231093
4.382043555999999 0.4787521291938012
4.383394787 0.46957828549839065
4.3847460179999995 0.4592849862513497
4.38609725 0.4475747867208767
4.387448481000001 0.43402139028667275
4.388799713 0.4192757995575024
4.390150944 0.4034081173986981
4.391502176 0.3858088884160311
4.392853407 0.3668473961485183
4.394204639 0.34709677945177564
4.39555587 0.32675724416293284
4.396907101 0.30498605611496815
4.398258332999999 0.28315064008957996
4.399609564 0.26146659272449335
4.400960796000001 0.2398850234724235
4.402312027 0.2184711145983031
4.403663259 0.19798723877401764
4.405014489999999 0.178584259489034
4.406365721999999 0.16004712031286866
4.407716953 0.14280578205594838
4.409068184 0.12700861648421133
4.410419416 0.11259826324798031
4.411770647 0.0994774503238238
4.413121879 0.08774723928701784
4.41447311 0.07729330447145566
4.415824342 0.0680060338700558
4.417175573000001 0.05980513598937717
4.418526804 0.0525858132866849
4.419878036 0.046240730982693865
4.421229266999999 0.040695254463979466
4.4225804989999995 0.03583732888428367
4.4239317300000005 0.03158270967628038
4.425282962 0.027866824560077254
4.426634193 0.024626146153612423
4.427985425 0.021787981203174833
4.429336656 0.01929986656673921
4.430687887 0.01713048331821334
4.432039119 0.015226597972647426
4.43339035 0.01355143679954928
4.434741582 0.012078263860539413
4.436092813 0.010783264865176324
4.437444045 0.009640231997407947
4.438795276 0.008631373800420596
4.440146507000001 0.007742377743795867
4.441497739000001 0.006952700304130312
4.44284897 0.00625090342262153
4.444200202 0.005629739489162816
4.445551432999999 0.005076669766802628
4.446902665 0.0045839179145449405
4.448253896 0.004145813357927848
4.449605128 0.003756787472553232
4.450956359 0.0034057819825419463
4.45230759 0.003089105826108529
4.453658822 0.0028062558281464586
4.455010053 0.002553310083944449
4.456361285 0.0023251433732711085
4.457712516 0.0021183165045484892
4.459063747999999 0.0019329825891699279
4.460414979 0.0017662490013174146
4.4617662110000005 0.001616204725971068
4.463117442 0.001480249285605743
4.464468673000001 0.0013571414142819213
4.465819905 0.0012454937813961178
4.467171136 0.0011444661005379846
4.468522368 0.0010517827977352485
4.469873599 0.0009671549539293099
4.471224831000001 0.0008902786783120094
4.472576062 0.0008202261639281583
4.473927293 0.000756185933822995
4.475278524999999 0.0006976569344172546
4.476629756 0.0006447763245189007
4.4779809880000006 0.0005956294227254324
4.479332219 0.0005502457851720462
4.480683451 0.0005088663845069152
4.482034682 0.0004717156265613569
4.483385914 0.00043728548126528276
4.484737145 0.00040475222084907295
4.486088376 0.0003756093514142272
4.487439608 0.00034984415672810205
4.488790839 0.00032720668448187143
4.490142071 0.0003047185584384517
4.491493302 0.00028246645283333695
4.492844534 0.00026087320929514015
4.494195765000001 0.00024026863648070042
4.495546996 0.0002223531090962437
4.496898228 0.0002073200951552148
4.498249458999999 0.00019647829255883635
4.4996006909999995 0.00018616934661859778
4.5009519220000005 0.0001751727979141321
4.502303154 0.0001627842902124123
4.503654385 0.00015297619049416843
4.505005617 0.0001448394472057986
4.506356848 0.0001383065434845214
4.507708079 0.00012983964672182185
4.509059311 0.00012222816855003417
4.510410542 0.00011549316915829947
4.511761774 0.00010950196061336666
4.513113005 0.00010292284382135178
4.514464237 9.648055278888002e-05
4.5158154679999996 9.111016387269303e-05
4.517166699000001 8.685341992276987e-05
4.518517931 8.313808983313076e-05
4.519869162 7.980694734174327e-05
4.521220394 7.68764895090925e-05
4.522571624999999 7.339825093417553e-05
4.523922857 6.900268667731839e-05
4.525274088 6.370502417026108e-05
4.52662532 5.908311940815199e-05
4.527976551 5.516888724950584e-05
4.529327782 5.121832773484956e-05
4.530679014 4.776881549000645e-05
4.532030245 4.492328745180829e-05
4.533381477 4.1688110976363866e-05
4.534732708 3.670651504036235e-05
4.53608394 3.134871236772707e-05
4.537435171 2.7532498365315392e-05
4.5387864030000005 2.680750469574959e-05
4.540137634 2.7130239099603885e-05
4.541488865 2.6859596332889578e-05
4.542840097 2.582639125151567e-05
4.544191328 2.4647062717421073e-05
4.5455425599999995 2.3662736794277423e-05
4.5468937910000005 2.1684365648475878e-05
4.548245023000001 2.0934250588831234e-05
4.549596254 2.0049043544666778e-05
4.550947485 0.0
4.552298716 0.0
